camera_matrix:
- [10318.552588587807, 0.0, 1006.0830019666878]
- [0.0, 10289.685256043993, 1108.734521679359]
- [0.0, 0.0, 1.0]
dist_coeff:
- [-0.8421758478295477, 6.910815215574976, -0.003916803084235318, 0.003087142013130133,
  139.9050497068989, 1.1600427400237803, -23.170296553964942, -167.15344393247344,
  0.0, 0.0, 0.0, 0.0, 0.0, 0.0]
