camera_matrix:
- [14040.464541245246, 0.0, 1517.0729350272286]
- [0.0, 14263.470164339278, -1.9781611410928344]
- [0.0, 0.0, 1.0]
dist_coeff:
- [-0.0711201574443282, -5.246528658451649, 0.00974428068688733, 0.028983511962423898,
  -7.252096685304366]
