camera_matrix:
- [55010.37585182229, 0.0, 2131.4818240627214]
- [0.0, 55139.821331846055, 1604.973484150079]
- [0.0, 0.0, 1.0]
dist_coeff:
- [-3.3829663549329334, 324.01687241948065, 0.010473708148671625, -0.020405736878454334,
  1.1439870187895742]
