camera_matrix:
- [6396.115883065431, 0.0, 926.5598000263765]
- [0.0, 6368.390970260968, 1022.1720357210439]
- [0.0, 0.0, 1.0]
dist_coeff:
- [-0.1708369497186593, -8.225905224991726, 0.01514759933426943, -0.023155072512603757,
  169.6358761785848]
