camera_matrix:
- [4352.337116351196, 0.0, 992.903815521653]
- [0.0, 4341.970607407083, 1026.3278630495922]
- [0.0, 0.0, 1.0]
dist_coeff:
- [-0.4127125494181975, -1.3302036635677532, 0.0018163602336563318, -0.003907366478010918,
  9.322662443092664]
