camera_matrix:
- [6722.014581470311, 0.0, 1046.7808406344284]
- [0.0, 6708.215439028933, 1052.6046118924987]
- [0.0, 0.0, 1.0]
dist_coeff:
- [-0.5121847585860124, -10.467346749730266, -0.0028162103039179186, 0.020013994311997758,
  215.54770146839695]
