camera_matrix:
- [4029.066511266815, 0.0, 978.4563154059491]
- [0.0, 4015.016915849053, 1088.8849188839686]
- [0.0, 0.0, 1.0]
dist_coeff:
- [-0.28280815941200277, 0.7358277562696572, -0.00026366167745293825, -0.0022847903881057768,
  1.0911191244557887]
