camera_matrix:
- [9010.166598428463, 0.0, 953.2755266840106]
- [0.0, 8987.57997965568, 1037.0007925380942]
- [0.0, 0.0, 1.0]
dist_coeff:
- [-1.5549033149476077, 17.396236270506073, -0.022635832158068647, 0.03189539787942249,
  244.4907336777702]
