camera_matrix:
- [6444.770127401418, 0.0, 1040.3231609765003]
- [0.0, 6421.983623453941, 1083.615156847776]
- [0.0, 0.0, 1.0]
dist_coeff:
- [-0.7488458434869408, 4.290587012343361, -0.007829151052930928, 0.030621612756924575,
  13.101750771953997]
