camera_matrix:
- [6077.127227821651, 0.0, 1079.6227748916301]
- [0.0, 6077.098633566006, 1011.0443720776159]
- [0.0, 0.0, 1.0]
dist_coeff:
- [-0.49736346133331394, 0.6436110990376369, 0.008920095097399208, -0.016517528511018363,
  46.606255456113104]
