camera_matrix:
- [20381.447409903765, 0.0, 1041.8635355214203]
- [0.0, 20410.5217740777, 1056.1476670607863]
- [0.0, 0.0, 1.0]
dist_coeff:
- [-8.872246453750842, 662.1648565550723, 0.037276249940889995, -0.024204685194771067,
  4.306345267506164]
