camera_matrix:
- [4938.967332434464, 0.0, 1044.0269309822352]
- [0.0, 4933.821711713737, 1024.706163589715]
- [0.0, 0.0, 1.0]
dist_coeff:
- [-0.5633974017892204, -1.6831257456805666, 0.0014647110878478718, 0.0020391792496308684,
  19.526144271827185]
