camera_matrix:
- [9796.078508817722, 0.0, 1094.744081205992]
- [0.0, 9774.235757024182, 1037.0865755245259]
- [0.0, 0.0, 1.0]
dist_coeff:
- [-2.1122584567958667, 80.40368106099824, -0.002955442646089229, -0.009463447423921642,
  -1423.2648795443947]
