camera_matrix:
- [16145.541948948077, 0.0, 1023.7742810344636]
- [0.0, 16166.558475771419, 1023.4092659730152]
- [0.0, 0.0, 1.0]
dist_coeff:
- [-2.809088392439091, 143.59457556867352, -0.018262521562297494, -0.0010608301283333453,
  478.9626139284489, 2.8529274930251165, -122.68240470315018, -473.89378558346004,
  0.0, 0.0, 0.0, 0.0, 0.0, 0.0]
