camera_matrix:
- [7741.042085680659, 0.0, 1100.3739270355518]
- [0.0, 7719.865863931567, 1072.0945864243067]
- [0.0, 0.0, 1.0]
dist_coeff:
- [-0.6653385183504593, -9.225214488344617, -0.02502771073556441, 0.009766677515413191,
  350.94747109350214]
