camera_matrix:
- [99543.89273050577, 0.0, 1998.8369872760968]
- [0.0, 99305.85655961777, 1500.087988465386]
- [0.0, 0.0, 1.0]
dist_coeff:
- [-0.9111932864380295, -2105.615992699897, -0.0014205833393640228, -0.025845916513559813,
  -1.3624191302220707, 5.53043190500762, 2105.6054597976317, 1.3624125888773282, 0.0,
  0.0, 0.0, 0.0, 0.0, 0.0]
