camera_matrix:
- [5709.850057379774, 0.0, 1053.5933817084906]
- [0.0, 5714.7642412081395, 1118.0952162499211]
- [0.0, 0.0, 1.0]
dist_coeff:
- [-0.6091744818692661, 6.177760933572985, -0.00877306550073972, 0.003239968275768828,
  -30.498064982691833]
