camera_matrix:
- [8526.3879545065, 0.0, 1025.8697015158348]
- [0.0, 8503.242294894764, 1085.2417055889237]
- [0.0, 0.0, 1.0]
dist_coeff:
- [-1.287070879632518, 12.121210353193561, 0.01985318894979908, -0.002616305040746456,
  101.38913324592426]
