camera_matrix:
- [5915.471412689842, 0.0, 1026.072922346671]
- [0.0, 5906.836904460063, 1006.0737102503936]
- [0.0, 0.0, 1.0]
dist_coeff:
- [-0.5033540319014181, 1.787183905623825, 0.00428222203778635, 0.009582060622838019,
  22.163817249676004]
