camera_matrix:
- [6133.190442917173, 0.0, 1073.238696344157]
- [0.0, 6136.772772097413, 1122.650821430061]
- [0.0, 0.0, 1.0]
dist_coeff:
- [-0.60446376691783, 4.358298756523994, -0.005253272804792174, 0.016784161247553015,
  21.779661372033903]
