camera_matrix:
- [9275.765545459875, 0.0, 951.4759007569685]
- [0.0, 9230.589090825915, 1031.2039954909303]
- [0.0, 0.0, 1.0]
dist_coeff:
- [-1.7327386644089802, 15.308604319078283, -0.015279285597932499, 0.022463927045886848,
  446.54301748139363]
