camera_matrix:
- [6143.170695039447, 0.0, 1065.8181571259597]
- [0.0, 6184.985737758004, 1043.9829549125825]
- [0.0, 0.0, 1.0]
dist_coeff:
- [-1.0628521617793498, 7.1201088881907255, 0.002785708661004236, -0.01201080011484527,
  -0.1307482967165613]
