camera_matrix:
- [10062.143833018263, 0.0, 1010.3073163770609]
- [0.0, 10057.247920845775, 1046.4944876860043]
- [0.0, 0.0, 1.0]
dist_coeff:
- [-2.046875394981876, 35.88727947314136, 0.0048457295887981144, 0.022377962599136,
  26.065329402405915]
