camera_matrix:
- [5214.150670622426, 0.0, 978.8329585735262]
- [0.0, 5209.0806460153235, 1050.0746627267415]
- [0.0, 0.0, 1.0]
dist_coeff:
- [-6.319252442280329, -5.7327953811883745, -0.0034061152837537483, -0.004653282500435925,
  -22.770992482266198, -5.840103769844949, -11.170602109963935, -9.725591373030086,
  0.0, 0.0, 0.0, 0.0, 0.0, 0.0]
