camera_matrix:
- [9499.985803884, 0.0, 1012.3534148723842]
- [0.0, 9581.207033252364, 1022.2196974081264]
- [0.0, 0.0, 1.0]
dist_coeff:
- [-2.258429166601016, 51.90192152262347, -0.03966143016622442, -0.005024599710616505,
  -512.3080028395042]
