camera_matrix:
- [13381.402243582348, 0.0, 1024.264577377968]
- [0.0, 13366.168583256087, 1023.6978492881857]
- [0.0, 0.0, 1.0]
dist_coeff:
- [-1.7016178359129799, -159.27839881465763, -0.0018324504196791218, -0.019614791849711915,
  9299.409370103978]
