camera_matrix:
- [8440.326390179698, 0.0, 1023.1331224407915]
- [0.0, 8462.365682969883, 1043.974404699422]
- [0.0, 0.0, 1.0]
dist_coeff:
- [-1.1115947832853743, 11.080462023937903, 0.03755897489024468, -0.0076586403520820185,
  92.84035771300124]
