camera_matrix:
- [24164.97319895685, 0.0, 1022.9510089725748]
- [0.0, 23737.515865828445, 1023.7605910864365]
- [0.0, 0.0, 1.0]
dist_coeff:
- [-5.433463214074173, 501.1292068908149, -0.009345364340738037, -0.04112011400279643,
  2.761536299806048, 5.806346571106826, -702.7243074808811, -2.7106337244026757, 0.0,
  0.0, 0.0, 0.0, 0.0, 0.0]
