camera_matrix:
- [5307.706574039132, 0.0, 967.06696012067]
- [0.0, 5298.828465361716, 1061.2906753738491]
- [0.0, 0.0, 1.0]
dist_coeff:
- [-0.4308762495596565, -0.09519664921016367, 0.0034290032095717253, 0.0043653995221073945,
  29.223834684841876]
