camera_matrix:
- [13781.641945138383, 0.0, 1005.2524222789885]
- [0.0, 13777.897875761795, 1082.2170777241424]
- [0.0, 0.0, 1.0]
dist_coeff:
- [-3.7620466876576253, 135.1942907364264, 0.018129876912660263, -0.018739147852595592,
  -240.12002628761354]
