camera_matrix:
- [6812.900120633754, 0.0, 1061.763019266771]
- [0.0, 6827.1102037933615, 1046.173763916972]
- [0.0, 0.0, 1.0]
dist_coeff:
- [-0.23442947496625174, -11.21264094237321, -0.021037189160757735, 0.009100829712631204,
  252.7266817694648]
