camera_matrix:
- [5978.76244744916, 0.0, 1024.5693897213264]
- [0.0, 5988.007580600498, 1026.6284882980647]
- [0.0, 0.0, 1.0]
dist_coeff:
- [-0.8535392721216747, 0.17227861455732818, 0.0091864108513518, -0.0020470565259201826,
  36.604785959805014]
