camera_matrix:
- [8072.010649603061, 0.0, 1002.8835453348465]
- [0.0, 8087.118794660107, 1072.3632235267023]
- [0.0, 0.0, 1.0]
dist_coeff:
- [-0.9528089319401842, 1.9642940499055381, 0.02621056829977046, -0.017546183917268605,
  273.0569626798501]
