camera_matrix:
- [7487.656089922472, 0.0, 1089.9636428738943]
- [0.0, 7478.57707414907, 1084.001771382878]
- [0.0, 0.0, 1.0]
dist_coeff:
- [-0.3615469324817935, -12.572538599443053, -0.03429136616347518, -0.021620810761182007,
  343.1399336684542]
