camera_matrix:
- [28762.258118514736, 0.0, 1035.5795085022328]
- [0.0, 31224.346186937742, 1028.4774326749387]
- [0.0, 0.0, 1.0]
dist_coeff:
- [-15.447024526792264, 2650.007993452193, 0.012903995232776036, -0.029193483955352047,
  9.924312568809091]
