camera_matrix:
- [7012.721258249974, 0.0, 1038.6005371431472]
- [0.0, 7039.191308209888, 1077.081068015303]
- [0.0, 0.0, 1.0]
dist_coeff:
- [1.0584646629733265, 239.54200934294607, -0.013104648801092704, -0.0015003595349653595,
  143.6674528845096, 1.3011161596968182, 255.17105363493334, -140.35241648139083,
  0.0, 0.0, 0.0, 0.0, 0.0, 0.0]
