camera_matrix:
- [5654.341941768872, 0.0, 1081.9892505554042]
- [0.0, 5641.452242622346, 1117.6267393423211]
- [0.0, 0.0, 1.0]
dist_coeff:
- [-2.1105284598921106, 223.75235899551623, 6.306281394728234e-05, -0.0065868281064739315,
  -11.923196829884994, -1.563944473181332, 223.16162082789873, 10.62759660769192,
  0.0, 0.0, 0.0, 0.0, 0.0, 0.0]
