camera_matrix:
- [9763.484544845152, 0.0, 1028.0702859921944]
- [0.0, 9791.433709706906, 1057.8521017030348]
- [0.0, 0.0, 1.0]
dist_coeff:
- [1.6442064927270588, 20.006393138587228, -0.0005093368462830798, -0.0076427967523417595,
  229.3996987076894, 2.9915138215638066, 10.35162599236916, -236.89190631070258, 0.0,
  0.0, 0.0, 0.0, 0.0, 0.0]
