camera_matrix:
- [11410.833343248974, 0.0, 1038.7379239801198]
- [0.0, 11472.48149182422, 1008.3947862667028]
- [0.0, 0.0, 1.0]
dist_coeff:
- [-1.4995663885758819, 72.47675437152613, -0.004370826058323155, -0.014846067578212873,
  564.5802707310613, 0.5082386858657527, 47.72578117788366, -592.9059155759876, 0.0,
  0.0, 0.0, 0.0, 0.0, 0.0]
