camera_matrix:
- [9307.006215434092, 0.0, 1043.0427183365375]
- [0.0, 9359.076231205041, 1077.8735852277903]
- [0.0, 0.0, 1.0]
dist_coeff:
- [-6.023094974635323, -17.012927203424486, -0.021886436060974148, 0.002372750703670735,
  102.3798972503459, -4.800578760516604, -36.21235076701271, -81.04137730975297, 0.0,
  0.0, 0.0, 0.0, 0.0, 0.0]
